2 2 0 011001
2 3 1 001011
2 4 2 101010
2 5 3 100110
3 3 0 010011
3 3 0 011010
3 4 1 100011
3 4 1 101001
3 5 2 001110
3 5 2 101100
4 4 0 110001
4 4 0 110010
4 4 0 111000
4 5 1 000111
4 5 1 001101
4 5 1 100101
5 5 0 010101
5 5 0 010110
5 5 0 011100
5 5 0 110100

//! I important
//  D dont care

000111 5 1 4
001011 3 1 2 // xxxIxx
001101 5 1 4 // xxxIDx
011100 5 0 5 // xIxIDD
011001 2 0 2
010101 5 0 5
100101 5 1 4
101001 4 1 3
101100 5 2 3
110001 4 0 4
110100 5 0 5
111000 4 0 4

100011 4 1 3
100110 5 3 2
101010 4 2 2
110010 4 0 4
011010 3 0 3
010110 5 0 5
010011 3 0 3
001110 5 2 3    
