7 8
-1
-1
7 7
3 5
-1
-1
4 4
-1
6 7
6 6
-1
-1
9 9
1 1
-1
2 4
1 1
-1
4 5
3 3
5 5
-1
-1
-1
-1
-1
2 2
-1
5 5
9 9
-1
5 5
9 9
4 4
1 1
8 8
5 5
4 4
3 6
1 2
5 5
4 4
-1
7 7
6 6
3 4
8 8
4 5
2 2
-1
10 10
10 10
1 1
-1
4 5
6 7
-1
5 5
-1
1 1
4 4
10 10
3 4
7 7
3 5
-1
2 3
2 2
4 6
3 3
-1
5 5
-1
6 7
5 5
8 8
1 1
6 8
6 8
3 3
-1
7 7
5 5
3 3
4 4
3 3
6 6
5 6
4 4
-1
-1
7 7
-1
2 2
6 8
10 10
4 5
-1
6 7
5 5
4 4
3 6
3 3
5 6
-1