310651
-1 1488 1998 2697 3387 6333 7469 8949 10139 12915 13563 13582 14102 14518 18054 19914 21033 21455 22050 22118 23014 23248 23312 25557 27989 -1 -1 -1 -1 -1 -1 -1 -1 -1 -1 -1 -1 -1 -1 -1 -1 -1 -1 -1 -1 -1 -1 -1 -1 -1 -1
-1 1488 1998 2697 3111 5842 6978 8458 9648 11874 12522 12541 13061 13477 16286 18146 19265 19687 20282 20350 21246 21480 21544 23789 26221 26856 -1 -1 -1 -1 -1 -1 -1 -1 -1 -1 -1 -1 -1 -1 -1 -1 -1 -1 -1 -1 -1 -1 -1 -1 -1
-1 1488 1998 2697 3111 4584 5720 7200 8390 11166 11814 11833 12353 12769 15245 17105 18224 18646 19241 19309 20205 20439 20503 22748 25180 25815 27727 -1 -1 -1 -1 -1 -1 -1 -1 -1 -1 -1 -1 -1 -1 -1 -1 -1 -1 -1 -1 -1 -1 -1 -1
-1 1488 1998 2697 3111 4584 5010 6490 7680 10125 10773 10792 11312 11728 14232 16092 17211 17633 18228 18296 19192 19426 19490 21735 24167 24802 26714 27514 -1 -1 -1 -1 -1 -1 -1 -1 -1 -1 -1 -1 -1 -1 -1 -1 -1 -1 -1 -1 -1 -1 -1
-1 1488 1998 2697 3111 4584 5010 6120 7310 9415 10063 10082 10602 11018 13191 14542 15661 16083 16678 16746 17642 17876 17940 20185 22617 23252 25164 25964 28036 -1 -1 -1 -1 -1 -1 -1 -1 -1 -1 -1 -1 -1 -1 -1 -1 -1 -1 -1 -1 -1 -1
-1 1488 1998 2697 3111 4584 5010 6120 6834 8830 9478 9497 10017 10433 12483 13501 14620 15042 15637 15705 16601 16835 16899 19144 21576 22211 24123 24923 26995 27322 -1 -1 -1 -1 -1 -1 -1 -1 -1 -1 -1 -1 -1 -1 -1 -1 -1 -1 -1 -1 -1
-1 1488 1998 2697 3111 4584 5010 6120 6834 7875 8523 8542 9062 9478 11442 12793 13874 14296 14891 14959 15855 16089 16153 18398 20664 21299 23211 24011 26083 26410 26510 -1 -1 -1 -1 -1 -1 -1 -1 -1 -1 -1 -1 -1 -1 -1 -1 -1 -1 -1 -1
-1 1488 1998 2697 3111 4584 5010 6120 6834 7875 8361 8380 8646 9062 10732 11752 12871 13293 13888 13956 14852 15086 15150 17395 19827 20462 22374 23174 25246 25573 25673 28933 -1 -1 -1 -1 -1 -1 -1 -1 -1 -1 -1 -1 -1 -1 -1 -1 -1 -1 -1
-1 1488 1998 2697 3111 4584 5010 6120 6834 7875 8361 8380 8484 8750 10147 11042 12125 12547 13142 13210 14106 14340 14404 16649 18915 19550 21462 22262 24334 24661 24761 28021 29406 -1 -1 -1 -1 -1 -1 -1 -1 -1 -1 -1 -1 -1 -1 -1 -1 -1 -1
-1 1488 1998 2697 3111 4584 5010 6120 6834 7875 8361 8380 8484 8588 9192 10457 11415 11837 12432 12500 13396 13630 13694 15939 18169 18804 20716 21516 23557 23884 23984 27244 28629 28813 -1 -1 -1 -1 -1 -1 -1 -1 -1 -1 -1 -1 -1 -1 -1 -1 -1
-1 1488 1998 2697 3111 4584 5010 6120 6834 7875 8361 8380 8484 8588 9030 9502 10621 11043 11638 11706 12602 12836 12900 15145 17459 18094 19999 20799 22811 23138 23238 26498 27883 28067 28228 -1 -1 -1 -1 -1 -1 -1 -1 -1 -1 -1 -1 -1 -1 -1 -1
-1 1488 1998 2697 3111 4584 5010 6120 6834 7875 8361 8380 8484 8588 9030 9340 9875 10297 10892 10960 11856 12090 12154 14399 16665 17300 19212 20012 22084 22411 22511 25771 27156 27340 27501 28337 -1 -1 -1 -1 -1 -1 -1 -1 -1 -1 -1 -1 -1 -1 -1
-1 1488 1998 2697 3111 4584 5010 6120 6834 7875 8361 8380 8484 8588 9030 9340 9713 10086 10535 10603 11408 11642 11706 13951 15919 16554 18466 19266 21307 21634 21734 24994 26379 26563 26724 27560 27755 -1 -1 -1 -1 -1 -1 -1 -1 -1 -1 -1 -1 -1 -1
-1 1488 1998 2697 3111 4584 5010 6120 6834 7875 8361 8380 8484 8588 9030 9340 9713 9924 10205 10273 11051 11285 11349 13594 15471 16106 17749 18549 20561 20888 20988 24248 25633 25817 25978 26814 27009 28521 -1 -1 -1 -1 -1 -1 -1 -1 -1 -1 -1 -1 -1
-1 1488 1998 2697 3111 4584 5010 6120 6834 7875 8361 8380 8484 8588 9030 9340 9713 9924 10043 10111 10721 10955 11019 13264 15114 15749 17301 18101 19844 20171 20271 23531 24916 25100 25261 26097 26292 27804 28050 -1 -1 -1 -1 -1 -1 -1 -1 -1 -1 -1 -1
-1 1488 1998 2697 3111 4584 5010 6120 6834 7875 8361 8380 8484 8588 9030 9340 9713 9924 10043 10060 10334 10568 10632 12877 14412 15047 16527 17327 19396 19723 19823 23083 24468 24652 24813 25649 25844 27237 27483 28091 -1 -1 -1 -1 -1 -1 -1 -1 -1 -1 -1
-1 1488 1998 2697 3111 4584 5010 6120 6834 7875 8361 8380 8484 8588 9030 9340 9713 9924 10043 10060 10172 10360 10424 12357 13371 14006 15486 16286 18358 18685 18785 22045 23430 23614 23775 24611 24806 26318 26564 27172 28267 -1 -1 -1 -1 -1 -1 -1 -1 -1 -1
-1 1488 1998 2697 3111 4584 5010 6120 6834 7875 8361 8380 8484 8588 9030 9340 9713 9924 10043 10060 10172 10198 10262 11759 12661 13296 14778 15578 16946 17273 17373 20633 22018 22202 22363 23199 23394 24906 25152 25760 26855 27791 -1 -1 -1 -1 -1 -1 -1 -1 -1
-1 1488 1998 2697 3111 4584 5010 6120 6834 7875 8361 8380 8484 8588 9030 9340 9713 9924 10043 10060 10172 10198 10206 10817 12076 12711 13737 14537 15905 16232 16332 19592 20977 21161 21322 22158 22353 23865 24111 24719 25814 26750 26998 -1 -1 -1 -1 -1 -1 -1 -1
-1 1488 1998 2697 3111 4584 5010 6120 6834 7875 8361 8380 8484 8588 9030 9340 9713 9924 10043 10060 10172 10198 10206 10655 11121 11756 13027 13827 15197 15524 15624 18884 20269 20453 20614 21450 21645 23157 23403 24011 25106 26042 26290 26686 -1 -1 -1 -1 -1 -1 -1
-1 1488 1998 2697 3111 4584 5010 6120 6834 7875 8361 8380 8484 8588 9030 9340 9713 9924 10043 10060 10172 10198 10206 10655 10959 11248 12442 13187 14156 14483 14583 17843 19228 19412 19573 20409 20604 22116 22362 22970 24065 25001 25249 25645 26775 -1 -1 -1 -1 -1 -1
-1 1488 1998 2697 3111 4584 5010 6120 6834 7875 8361 8380 8484 8588 9030 9340 9713 9924 10043 10060 10172 10198 10206 10655 10959 11086 11487 12287 13446 13773 13873 16849 18167 18351 18512 19348 19543 21055 21301 21909 23004 23940 24188 24584 25714 25791 -1 -1 -1 -1 -1
-1 1488 1998 2697 3111 4584 5010 6120 6834 7875 8361 8380 8484 8588 9030 9340 9713 9924 10043 10060 10172 10198 10206 10655 10959 11086 11325 11647 12861 13188 13288 16141 17126 17310 17471 18307 18502 20014 20260 20868 21963 22899 23147 23543 24673 24750 25210 -1 -1 -1 -1
-1 1488 1998 2697 3111 4584 5010 6120 6834 7875 8361 8380 8484 8588 9030 9340 9713 9924 10043 10060 10172 10198 10206 10655 10959 11086 11325 11485 11906 12233 12333 15100 16418 16602 16763 17599 17794 19306 19552 20160 21255 22191 22439 22835 23965 24042 24502 25339 -1 -1 -1
-1 1488 1998 2697 3111 4584 5010 6120 6834 7875 8361 8380 8484 8588 9030 9340 9713 9924 10043 10060 10172 10198 10206 10655 10959 11086 11325 11485 11744 12015 12115 14390 15377 15561 15722 16558 16753 18265 18511 19119 20214 21150 21398 21794 22924 23001 23461 24298 24834 -1 -1
-1 1488 1998 2697 3111 4584 5010 6120 6834 7875 8361 8380 8484 8588 9030 9340 9713 9924 10043 10060 10172 10198 10206 10655 10959 11086 11325 11485 11744 11853 11953 13805 14667 14851 15012 15848 16043 17555 17801 18409 19504 20440 20688 21084 22214 22291 22751 23588 24124 27184 310651
